    1  2   5471.52
    1  3   5091.57
    1  4   5392.82
    1  5   5416.45
    1  6   4584.33
    1  7   4904.83
    1  8   3851.73
    1  9   4477.41
    1  10   5260.73
    1  11   4842.61
    1  12   5930.14
    1  13   3690.71
    1  14   3763.14
    1  15   5043.17
    1  16   6432.89
    1  17   5518.05
    1  18   5405.8
    1  19   5395.22
    1  20   3226.82
    1  21   5411.4
    1  22   4092.45
    1  23   2475.54
    1  24   5133.22
    1  25   3941.2
    1  26   3223.75
    1  27   3287.92
    1  28   2307.09
    1  29   6108.57
    1  30   4263.73
    1  31   5405.01
    2  1   5471.52
    2  3   1315.28
    2  4   927.35
    2  5   1505.11
    2  6   944.4
    2  7   1157.42
    2  8   1945.42
    2  9   7224.89
    2  10   1126.72
    2  11   687.11
    2  12   458.63
    2  13   2801.21
    2  14   3108.01
    2  15   541.43
    2  16   973.84
    2  17   682.33
    2  18   1199.53
    2  19   1189.8
    2  20   3421.08
    2  21   1070.25
    2  22   2554.73
    2  23   3487.64
    2  24   1417.45
    2  25   3034.87
    2  26   3434.28
    2  27   3392.03
    2  28   3503.07
    2  29   670.37
    2  30   2472.45
    2  31   871.28
    3  1   5091.57
    3  2   1315.28
    3  4   2166.0
    3  5   2724.01
    3  6   1571.76
    3  7   293.52
    3  8   1240.77
    3  9   6029.37
    3  10   235.7
    3  11   1489.43
    3  12   1542.05
    3  13   1741.71
    3  14   1970.09
    3  15   900.47
    3  16   1790.08
    3  17   737.71
    3  18   2429.87
    3  19   2417.66
    3  20   2399.98
    3  21   2308.05
    3  22   1396.55
    3  23   2746.72
    3  24   118.35
    3  25   1856.72
    3  26   2411.91
    3  27   2356.3
    3  28   2845.71
    3  29   1504.82
    3  30   1270.22
    3  31   2116.17
    4  1   5392.82
    4  2   927.35
    4  3   2166.0
    4  5   577.85
    4  6   973.23
    4  7   1947.28
    4  8   2422.32
    4  9   7792.75
    4  10   2010.47
    4  11   819.41
    4  12   1096.09
    4  13   3377.44
    4  14   3722.45
    4  15   1273.23
    4  16   1538.5
    4  17   1606.55
    4  18   272.44
    4  19   262.47
    4  20   3928.61
    4  21   144.13
    4  22   3216.98
    4  23   3788.62
    4  24   2278.29
    4  25   3685.28
    4  26   3941.99
    4  27   3912.27
    4  28   3744.1
    4  29   1370.72
    4  30   3171.66
    4  31   57.16
    5  1   5416.45
    5  2   1505.11
    5  3   2724.01
    5  4   577.85
    5  6   1366.63
    5  7   2490.97
    5  8   2838.62
    5  9   8171.81
    5  10   2578.59
    5  11   1295.31
    5  12   1635.65
    5  13   3809.81
    5  14   4166.43
    5  15   1824.47
    5  16   2022.46
    5  17   2184.18
    5  18   305.61
    5  19   315.41
    5  20   4317.11
    5  21   435.06
    5  22   3690.84
    5  23   4073.04
    5  24   2838.36
    5  25   4146.55
    5  26   4330.34
    5  27   4307.42
    5  28   3997.08
    5  29   1902.93
    5  30   3662.03
    5  31   633.85
    6  1   4584.33
    6  2   944.4
    6  3   1571.76
    6  4   973.23
    6  5   1366.63
    6  7   1290.15
    6  8   1474.26
    6  9   6831.68
    6  10   1510.62
    6  11   263.13
    6  12   1387.45
    6  13   2443.78
    6  14   2799.8
    6  15   773.11
    6  16   1912.36
    6  17   1339.51
    6  18   1144.97
    6  19   1130.76
    6  20   2967.78
    6  21   1068.58
    6  22   2332.13
    6  23   2820.86
    6  24   1689.58
    6  25   2781.99
    6  26   2981.12
    6  27   2954.45
    6  28   2786.57
    6  29   1614.77
    6  30   2314.78
    6  31   955.76
    7  1   4904.83
    7  2   1157.42
    7  3   293.52
    7  4   1947.28
    7  5   2490.97
    7  6   1290.15
    7  8   1064.41
    7  9   6094.11
    7  10   362.26
    7  11   1227.71
    7  12   1458.17
    7  13   1718.42
    7  14   1990.08
    7  15   675.22
    7  16   1785.02
    7  17   711.04
    7  18   2204.02
    7  19   2191.25
    7  20   2368.28
    7  21   2086.44
    7  22   1422.04
    7  23   2622.84
    7  24   406.54
    7  25   1899.38
    7  26   2380.88
    7  27   2330.39
    7  28   2700.59
    7  29   1474.58
    7  30   1324.24
    7  31   1900.46
    8  1   3851.73
    8  2   1945.42
    8  3   1240.77
    8  4   2422.32
    8  5   2838.62
    8  6   1474.26
    8  7   1064.41
    8  9   5371.4
    8  10   1412.4
    8  11   1605.23
    8  12   2356.14
    8  13   972.84
    8  14   1334.99
    8  15   1410.62
    8  16   2772.98
    8  17   1736.66
    8  18   2616.58
    8  19   2602.38
    8  20   1510.42
    8  21   2532.09
    8  22   941.98
    8  23   1578.21
    8  24   1289.91
    8  25   1339.39
    8  26   1523.82
    8  27   1491.31
    8  28   1639.91
    8  29   2446.4
    8  30   990.98
    8  31   2394.54
    9  1   4477.41
    9  2   7224.89
    9  3   6029.37
    9  4   7792.75
    9  5   8171.81
    9  6   6831.68
    9  7   6094.11
    9  8   5371.4
    9  10   6263.11
    9  11   6976.62
    9  12   7551.16
    9  13   4435.43
    9  14   4116.99
    9  15   6689.59
    9  16   7810.39
    9  17   6764.61
    9  18   7975.91
    9  19   7961.72
    9  20   3864.6
    9  21   7898.63
    9  22   4674.19
    9  23   4173.02
    9  24   5966.85
    9  25   4195.13
    9  26   3851.23
    9  27   3880.53
    9  28   4309.01
    9  29   7534.16
    9  30   4772.3
    9  31   7765.83
    10  1   5260.73
    10  2   1126.72
    10  3   235.7
    10  4   2010.47
    10  5   2578.59
    10  6   1510.62
    10  7   362.26
    10  8   1412.4
    10  9   6263.11
    10  11   1391.77
    10  12   1319.11
    10  13   1971.57
    10  14   2205.12
    10  15   778.46
    10  16   1554.44
    10  17   509.98
    10  18   2279.04
    10  19   2267.44
    10  20   2629.4
    10  21   2154.07
    10  22   1631.41
    10  23   2949.23
    10  24   304.77
    10  25   2092.41
    10  26   2641.46
    10  27   2586.65
    10  28   3038.45
    10  29   1271.24
    10  30   1505.92
    10  31   1958.4
    11  1   4842.61
    11  2   687.11
    11  3   1489.43
    11  4   819.41
    11  5   1295.31
    11  6   263.13
    11  7   1227.71
    11  8   1605.23
    11  9   6976.62
    11  10   1391.77
    11  12   1125.24
    11  13   2558.04
    11  14   2903.98
    11  15   617.23
    11  16   1650.73
    11  17   1147.11
    11  18   1035.18
    11  19   1021.26
    11  20   3114.16
    11  21   937.33
    11  22   2406.02
    11  23   3024.8
    11  24   1607.52
    11  25   2870.33
    11  26   3127.56
    11  27   3096.35
    11  28   3003.5
    11  29   1356.76
    11  30   2369.7
    11  31   789.58
    12  1   5930.14
    12  2   458.63
    12  3   1542.05
    12  4   1096.09
    12  5   1635.65
    12  6   1387.45
    12  7   1458.17
    12  8   2356.14
    12  9   7551.16
    12  10   1319.11
    12  11   1125.24
    12  13   3161.62
    12  14   3446.86
    12  15   949.07
    12  16   526.34
    12  17   809.89
    12  18   1343.81
    12  19   1338.19
    12  20   3798.4
    12  21   1220.0
    12  22   2880.19
    12  23   3917.34
    12  24   1623.87
    12  25   3357.3
    12  26   3811.39
    12  27   3765.26
    12  28   3942.45
    12  29   276.19
    12  30   2779.06
    12  31   1040.63
    13  1   3690.71
    13  2   2801.21
    13  3   1741.71
    13  4   3377.44
    13  5   3809.81
    13  6   2443.78
    13  7   1718.42
    13  8   972.84
    13  9   4435.43
    13  10   1971.57
    13  11   2558.04
    13  12   3161.62
    13  14   367.91
    13  15   2261.36
    13  16   3501.47
    13  17   2426.0
    13  18   3581.7
    13  19   3567.53
    13  20   658.34
    13  21   3492.64
    13  22   412.11
    13  23   1215.49
    13  24   1722.69
    13  25   426.63
    13  26   670.21
    13  27   615.22
    13  28   1401.2
    13  29   3193.0
    13  30   585.23
    13  31   3346.23
    14  1   3763.14
    14  2   3108.01
    14  3   1970.09
    14  4   3722.45
    14  5   4166.43
    14  6   2799.8
    14  7   1990.08
    14  8   1334.99
    14  9   4116.99
    14  10   2205.12
    14  11   2903.98
    14  12   3446.86
    14  13   367.91
    14  15   2572.95
    14  16   3755.25
    14  17   2684.22
    14  18   3932.8
    14  19   3918.66
    14  20   552.24
    14  21   3840.7
    14  22   573.88
    14  23   1329.06
    14  24   1932.34
    14  25   179.55
    14  26   558.68
    14  27   491.8
    14  28   1544.2
    14  29   3456.96
    14  30   710.34
    14  31   3689.4
    15  1   5043.17
    15  2   541.43
    15  3   900.47
    15  4   1273.23
    15  5   1824.47
    15  6   773.11
    15  7   675.22
    15  8   1410.62
    15  9   6689.59
    15  10   778.46
    15  11   617.23
    15  12   949.07
    15  13   2261.36
    15  14   2572.95
    15  16   1404.12
    15  17   577.24
    15  18   1532.91
    15  19   1520.41
    15  20   2879.65
    15  21   1413.41
    15  22   2026.32
    15  23   2968.35
    15  24   1016.1
    15  25   2505.86
    15  26   2892.85
    15  27   2850.63
    15  28   2996.73
    15  29   1074.87
    15  30   1953.72
    15  31   1225.73
    16  1   6432.89
    16  2   973.84
    16  3   1790.08
    16  4   1538.5
    16  5   2022.46
    16  6   1912.36
    16  7   1785.02
    16  8   2772.98
    16  9   7810.39
    16  10   1554.44
    16  11   1650.73
    16  12   526.34
    16  13   3501.47
    16  14   3755.25
    16  15   1404.12
    16  17   1075.47
    16  18   1755.59
    16  19   1752.89
    16  20   4153.21
    16  21   1643.08
    16  22   3181.52
    16  23   4349.46
    16  24   1844.88
    16  25   3646.45
    16  26   4165.78
    16  27   4114.81
    16  28   4391.74
    16  29   329.7
    16  30   3060.1
    16  31   1487.48
    17  1   5518.05
    17  2   682.33
    17  3   737.71
    17  4   1606.55
    17  5   2184.18
    17  6   1339.51
    17  7   711.04
    17  8   1736.66
    17  9   6764.61
    17  10   509.98
    17  11   1147.11
    17  12   809.89
    17  13   2426.0
    17  14   2684.22
    17  15   577.24
    17  16   1075.47
    17  18   1878.99
    17  19   1868.82
    17  20   3078.2
    17  21   1750.18
    17  22   2111.35
    17  23   3312.42
    17  24   814.55
    17  25   2581.39
    17  26   3090.73
    17  27   3039.46
    17  28   3374.73
    17  29   773.2
    17  30   1996.83
    17  31   1551.13
    18  1   5405.8
    18  2   1199.53
    18  3   2429.87
    18  4   272.44
    18  5   305.61
    18  6   1144.97
    18  7   2204.02
    18  8   2616.58
    18  9   7975.91
    18  10   2279.04
    18  11   1035.18
    18  12   1343.81
    18  13   3581.7
    18  14   3932.8
    18  15   1532.91
    18  16   1755.59
    18  17   1878.99
    18  19   14.21
    18  20   4112.59
    18  21   129.56
    18  22   3441.1
    18  23   3922.29
    18  24   2543.19
    18  25   3903.89
    18  26   4125.91
    18  27   4099.42
    18  28   3862.54
    18  29   1614.8
    18  30   3403.71
    18  31   328.25
    19  1   5395.22
    19  2   1189.8
    19  3   2417.66
    19  4   262.47
    19  5   315.41
    19  6   1130.76
    19  7   2191.25
    19  8   2602.38
    19  9   7961.72
    19  10   2267.44
    19  11   1021.26
    19  12   1338.19
    19  13   3567.53
    19  14   3918.66
    19  15   1520.41
    19  16   1752.89
    19  17   1868.82
    19  18   14.21
    19  20   4098.38
    19  21   120.94
    19  22   3427.14
    19  23   3908.54
    19  24   2531.09
    19  25   3889.84
    19  26   4111.71
    19  27   4085.21
    19  28   3849.05
    19  29   1609.65
    19  30   3389.91
    19  31   318.67
    20  1   3226.82
    20  2   3421.08
    20  3   2399.98
    20  4   3928.61
    20  5   4317.11
    20  6   2967.78
    20  7   2368.28
    20  8   1510.42
    20  9   3864.6
    20  10   2629.4
    20  11   3114.16
    20  12   3798.4
    20  13   658.34
    20  14   552.24
    20  15   2879.65
    20  16   4153.21
    20  17   3078.2
    20  18   4112.59
    20  19   4098.38
    20  21   4034.07
    20  22   1039.55
    20  23   858.37
    20  24   2380.38
    20  25   731.19
    20  26   13.4
    20  27   61.37
    20  28   1089.16
    20  29   3841.4
    20  30   1203.05
    20  31   3902.52
    21  1   5411.4
    21  2   1070.25
    21  3   2308.05
    21  4   144.13
    21  5   435.06
    21  6   1068.58
    21  7   2086.44
    21  8   2532.09
    21  9   7898.63
    21  10   2154.07
    21  11   937.33
    21  12   1220.0
    21  13   3492.64
    21  14   3840.7
    21  15   1413.41
    21  16   1643.08
    21  17   1750.18
    21  18   129.56
    21  19   120.94
    21  20   4034.07
    21  22   3341.66
    21  23   3868.81
    21  24   2420.73
    21  25   3807.47
    21  26   4047.43
    21  27   4019.29
    21  28   3816.5
    21  29   1492.42
    21  30   3300.05
    21  31   199.07
    22  1   4092.45
    22  2   2554.73
    22  3   1396.55
    22  4   3216.98
    22  5   3690.84
    22  6   2332.13
    22  7   1422.04
    22  8   941.98
    22  9   4674.19
    22  10   1631.41
    22  11   2406.02
    22  12   2880.19
    22  13   412.11
    22  14   573.88
    22  15   2026.32
    22  16   3181.52
    22  17   2111.35
    22  18   3441.1
    22  19   3427.14
    22  20   1039.55
    22  21   3341.66
    22  23   1617.6
    22  24   1361.57
    22  25   480.14
    22  26   1050.03
    22  27   988.37
    22  28   1792.31
    22  29   2884.38
    22  30   173.33
    22  31   3180.22
    23  1   2475.54
    23  2   3487.64
    23  3   2746.72
    23  4   3788.62
    23  5   4073.04
    23  6   2820.86
    23  7   2622.84
    23  8   1578.21
    23  9   4173.02
    23  10   2949.23
    23  11   3024.8
    23  12   3917.34
    23  13   1215.49
    23  14   1329.06
    23  15   2968.35
    23  16   4349.46
    23  17   3312.42
    23  18   3922.29
    23  19   3908.54
    23  20   858.37
    23  21   3868.81
    23  22   1617.6
    23  24   2763.9
    23  25   1499.64
    23  26   861.24
    23  27   911.69
    23  28   232.92
    23  29   4021.79
    23  30   1789.54
    23  31   3775.08
    24  1   5133.22
    24  2   1417.45
    24  3   118.35
    24  4   2278.29
    24  5   2838.36
    24  6   1689.58
    24  7   406.54
    24  8   1289.91
    24  9   5966.85
    24  10   304.77
    24  11   1607.52
    24  12   1623.87
    24  13   1722.69
    24  14   1932.34
    24  15   1016.1
    24  16   1844.88
    24  17   814.55
    24  18   2543.19
    24  19   2531.09
    24  20   2380.38
    24  21   2420.73
    24  22   1361.57
    24  23   2763.9
    24  25   1810.9
    24  26   2391.99
    24  27   2334.59
    24  28   2871.83
    24  29   1570.35
    24  30   1225.56
    24  31   2227.98
    25  1   3941.2
    25  2   3034.87
    25  3   1856.72
    25  4   3685.28
    25  5   4146.55
    25  6   2781.99
    25  7   1899.38
    25  8   1339.39
    25  9   4195.13
    25  10   2092.41
    25  11   2870.33
    25  12   3357.3
    25  13   426.63
    25  14   179.55
    25  15   2505.86
    25  16   3646.45
    25  17   2581.39
    25  18   3903.89
    25  19   3889.84
    25  20   731.19
    25  21   3807.47
    25  22   480.14
    25  23   1499.64
    25  24   1810.9
    25  26   737.34
    25  27   670.49
    25  28   1710.96
    25  29   3354.48
    25  30   586.52
    25  31   3649.92
    26  1   3223.75
    26  2   3434.28
    26  3   2411.91
    26  4   3941.99
    26  5   4330.34
    26  6   2981.12
    26  7   2380.88
    26  8   1523.82
    26  9   3851.23
    26  10   2641.46
    26  11   3127.56
    26  12   3811.39
    26  13   670.21
    26  14   558.68
    26  15   2892.85
    26  16   4165.78
    26  17   3090.73
    26  18   4125.91
    26  19   4111.71
    26  20   13.4
    26  21   4047.43
    26  22   1050.03
    26  23   861.24
    26  24   2391.99
    26  25   737.34
    26  27   66.88
    26  28   1092.43
    26  29   3854.09
    26  30   1213.09
    26  31   3915.91
    27  1   3287.92
    27  2   3392.03
    27  3   2356.3
    27  4   3912.27
    27  5   4307.42
    27  6   2954.45
    27  7   2330.39
    27  8   1491.31
    27  9   3880.53
    27  10   2586.65
    27  11   3096.35
    27  12   3765.26
    27  13   615.22
    27  14   491.8
    27  15   2850.63
    27  16   4114.81
    27  17   3039.46
    27  18   4099.42
    27  19   4085.21
    27  20   61.37
    27  21   4019.29
    27  22   988.37
    27  23   911.69
    27  24   2334.59
    27  25   670.49
    27  26   66.88
    27  28   1141.37
    27  29   3804.41
    27  30   1150.08
    27  31   3885.36
    28  1   2307.09
    28  2   3503.07
    28  3   2845.71
    28  4   3744.1
    28  5   3997.08
    28  6   2786.57
    28  7   2700.59
    28  8   1639.91
    28  9   4309.01
    28  10   3038.45
    28  11   3003.5
    28  12   3942.45
    28  13   1401.2
    28  14   1544.2
    28  15   2996.73
    28  16   4391.74
    28  17   3374.73
    28  18   3862.54
    28  19   3849.05
    28  20   1089.16
    28  21   3816.5
    28  22   1792.31
    28  23   232.92
    28  24   2871.83
    28  25   1710.96
    28  26   1092.43
    28  27   1141.37
    28  29   4062.49
    28  30   1961.65
    28  31   3734.16
    29  1   6108.57
    29  2   670.37
    29  3   1504.82
    29  4   1370.72
    29  5   1902.93
    29  6   1614.77
    29  7   1474.58
    29  8   2446.4
    29  9   7534.16
    29  10   1271.24
    29  11   1356.76
    29  12   276.19
    29  13   3193.0
    29  14   3456.96
    29  15   1074.87
    29  16   329.7
    29  17   773.2
    29  18   1614.8
    29  19   1609.65
    29  20   3841.4
    29  21   1492.42
    29  22   2884.38
    29  23   4021.79
    29  24   1570.35
    29  25   3354.48
    29  26   3854.09
    29  27   3804.41
    29  28   4062.49
    29  30   2769.57
    29  31   1315.59
    30  1   4263.73
    30  2   2472.45
    30  3   1270.22
    30  4   3171.66
    30  5   3662.03
    30  6   2314.78
    30  7   1324.24
    30  8   990.98
    30  9   4772.3
    30  10   1505.92
    30  11   2369.7
    30  12   2779.06
    30  13   585.23
    30  14   710.34
    30  15   1953.72
    30  16   3060.1
    30  17   1996.83
    30  18   3403.71
    30  19   3389.91
    30  20   1203.05
    30  21   3300.05
    30  22   173.33
    30  23   1789.54
    30  24   1225.56
    30  25   586.52
    30  26   1213.09
    30  27   1150.08
    30  28   1961.65
    30  29   2769.57
    30  31   3132.56
    31  1   5405.01
    31  2   871.28
    31  3   2116.17
    31  4   57.16
    31  5   633.85
    31  6   955.76
    31  7   1900.46
    31  8   2394.54
    31  9   7765.83
    31  10   1958.4
    31  11   789.58
    31  12   1040.63
    31  13   3346.23
    31  14   3689.4
    31  15   1225.73
    31  16   1487.48
    31  17   1551.13
    31  18   328.25
    31  19   318.67
    31  20   3902.52
    31  21   199.07
    31  22   3180.22
    31  23   3775.08
    31  24   2227.98
    31  25   3649.92
    31  26   3915.91
    31  27   3885.36
    31  28   3734.16
    31  29   1315.59
    31  30   3132.56
